Camera=LUMENERA_LW160
Red=212
Green=123
Blue=77
ExposureTime=0.064000
Gain=1.000000
ObjectDistance=213.899994
